3
collecting
213
26558
53403
53404
26559
26560
26562
26564
53406
26568
53407
26571
53411
53412
53413
26574
26576
26578
26579
26580
26582
53421
53422
26585
26586
53423
53424
53425
53426
53427
26588
53430
26590
26594
53431
26596
26597
26598
26599
53434
53439
53440
53443
26604
26607
26608
26610
26611
26612
53451
53450
53452
26614
53455
53456
53458
53459
53462
26617
26618
53464
53465
26619
26620
26621
53466
53467
26622
53469
26623
26624
26625
53474
26628
26629
26630
26631
53476
53477
26632
26633
26634
26635
26636
26637
53478
26638
53480
53481
53484
53485
53490
53491
53492
53494
53497
26642
53499
26645
26646
53501
26647
53504
53505
53508
53509
26651
53512
26652
53513
26655
26656
53514
26660
53517
26662
53520
53522
26663
53523
26665
26667
53525
53526
53528
26671
26672
53532
53536
53537
53538
26676
53540
53541
53542
53543
26682
53545
26683
26686
26688
53550
53551
53554
26694
53557
53558
26696
26697
53560
53561
26701
53563
53564
26703
26704
26707
26708
26709
53566
26710
26712
53570
26713
53571
26715
53574
26718
53577
26724
53578
53579
53581
26728
53586
53587
53589
53590
26733
26734
26736
26737
53591
53592
53593
53594
53595
26743
26744
53596
26745
26747
53598
53599
26749
26751
26750
53600
53605
26753
26754
26755
26762
53612
26766
26768
26772
26773
26774
53618
26775
53619
26776
26779
user
1061
28306
28308
28309
1554
1555
1556
1558
28311
1561
1562
28314
1563
1564
1565
28318
28320
1566
28322
28323
1567
28327
28331
1569
28333
1575
1576
1577
28340
28342
1578
28345
1582
1580
1584
1585
28348
28349
1587
28352
1589
28354
1593
1597
28359
1598
28360
1599
28361
1601
28362
1602
1603
1609
28368
1611
1613
28370
28372
1614
1615
1617
1618
1619
28375
1622
28379
1623
28380
1625
1627
28383
1630
28384
1640
28386
28388
28389
1641
28391
28392
1644
1646
1647
1648
1650
28393
28395
28397
1664
1665
28410
28411
1669
28423
28425
1677
28426
28428
28429
28432
1683
1692
28443
1694
28445
28449
28450
1700
1701
1702
1704
1705
1708
1709
1711
1714
28459
28461
28462
1716
1717
28468
28469
28472
28473
28483
1734
28486
1736
28490
28492
28493
28494
28496
28498
1743
28499
1745
28500
1746
28503
1760
1761
28522
28524
1763
1765
28528
1767
28527
28529
28533
28532
1770
28536
28537
1774
28544
1786
28543
1789
1790
28550
1792
28552
1795
28554
1798
28555
1799
1802
1803
1815
1816
28569
1818
1821
28577
1823
1825
1826
1829
1827
1828
1830
28579
1834
28581
28587
28588
28589
28590
1845
1846
1848
28596
1850
28598
1852
28599
28601
1854
28604
1860
1863
1867
1868
13315
28615
1869
1871
28617
1872
28619
28620
1873
28621
28622
1881
28636
1883
1884
28639
28640
28641
28643
1887
1888
1889
28647
1890
1891
1893
1895
1897
1899
1900
28653
1901
1902
1903
1904
28654
28656
28657
28658
1911
1912
28660
28661
1915
28662
1918
1920
28665
1921
28666
28668
1923
28672
28670
28671
1926
28682
28684
38023
1940
28685
28689
1945
28691
1948
1949
1952
1953
1954
1956
28693
28694
1959
1960
1977
1979
28705
1982
1984
28710
1988
28711
28712
28714
1990
28716
1992
1994
1995
28720
1996
2004
2005
2006
2007
28726
2009
28728
28730
2010
2011
2012
2013
28733
28735
28737
2020
28738
28739
2021
2023
28742
28743
28744
28745
2025
2026
2033
28757
2043
2044
28759
28760
28762
28763
28764
2047
28765
28767
2049
28768
28778
28776
28777
2057
2058
2059
2060
2068
28780
2070
28783
28787
28788
2077
28791
2080
28792
2081
2084
2086
2087
28793
28797
2090
28796
2093
2094
2095
28799
2100
28806
2105
28807
2108
2110
2111
28809
28810
28811
28812
28813
28815
2112
28818
2114
28820
2124
28828
28829
2126
28830
2128
28832
28837
2132
28843
28844
2138
2139
28848
2144
2145
2146
28857
2148
2149
2150
28862
2153
2154
2155
28867
28868
28872
2160
28873
28874
2164
2166
2171
28882
28886
2174
28888
28889
28891
28892
2176
2178
28893
28894
28900
28899
2183
28903
2184
28908
28911
2185
28912
28913
28915
2190
2191
28918
28920
28936
2204
2206
2207
28938
2208
2209
28939
2213
2214
28943
2215
28947
2218
2219
28948
28949
28953
2225
2226
28960
2228
2229
2230
28961
28963
28964
28965
2232
28967
28977
2248
28979
28980
2249
2252
28985
28986
28987
2255
2258
28990
28993
2263
28994
29003
29004
2276
2278
29006
2279
2280
2281
29007
29008
2283
29009
29010
2285
2286
29011
29013
29017
2290
2292
2293
29025
2300
2301
2307
2308
2313
2312
2314
2316
2317
2318
2320
29036
2321
29039
29046
2327
29048
29049
29050
29053
2333
29056
29057
2336
2337
29059
2339
2340
29078
2365
2364
29082
29084
29086
29088
2371
2373
2374
29093
29094
2376
29104
2382
29106
29108
29110
2384
29111
29114
29116
2385
2387
29117
2390
29119
2391
2395
29123
29131
2405
2406
2407
29133
29134
29135
2409
2410
29142
29144
29146
29147
2417
2434
29160
2436
2437
29162
2441
2444
29165
29166
2445
2452
29178
2453
2454
29179
29180
29183
29184
29186
29187
29188
2459
29213
2481
29215
2482
29219
2483
2484
2485
2491
29229
29230
2494
29233
29235
2496
29237
29238
29239
29242
29240
2507
2508
2509
29251
2511
2513
29257
29260
29261
29263
2516
2517
2529
2533
29280
29281
29282
29283
2536
29285
29286
29287
29288
2539
29289
2545
29290
2546
29292
29305
29306
2562
29310
29312
29314
2566
2567
29319
29320
2569
29322
2580
29336
2582
2583
29341
29342
2584
2586
29343
29344
29345
2590
2591
29349
2605
29365
29366
29367
29368
29369
29374
40423
2608
29371
29372
29375
29377
2610
29380
29384
2615
29386
2616
2617
29387
29388
29390
29392
2618
2619
29393
2621
29399
2624
29401
29408
29406
29405
29409
29407
29410
29411
2630
29413
2631
29414
2634
29418
29419
2636
2641
29424
2645
29425
29426
2650
29427
29428
29431
29432
29433
29434
2652
29435
29436
2657
29437
29439
2658
29440
29442
29443
2659
2660
2662
29445
2663
2665
2666
2668
2667
2669
29448
2670
2671
2672
29451
29452
29453
2674
29454
2677
2679
29456
29457
2683
29458
2692
2693
2694
29467
2696
29469
2698
2700
29473
2704
2705
2710
29474
2707
2709
29491
2726
2728
29494
29495
2729
29498
2733
29501
29502
2736
29503
29513
29514
2750
29521
29522
29523
2761
2762
29528
29529
29530
2765
29537
2773
29540
29541
2776
29542
2778
29544
29546
2781
2782
29549
2783
29551
29552
2787
29567
29564
29565
29566
29569
2805
2804
29577
29578
2807
2809
29579
29580
29582
29583
29585
2818
2819
29598
2836
29599
2840
29601
2843
29606
2844
29608
29609
2845
2847
2849
29610
29611
29617
2854
2856
29623
2857
29625
29626
29627
2859
2862
2860
2861
29632
2866
2867
2868
2869
29638
29639
29641
29643
2880
29645
2884
29653
29655
2889
29656
2890
2891
2892
29659
2894
2895
2898
2899
29671
2905
29672
29673
29674
2909
2910
29678
29679
29681
29682
2912
29684
29685
29686
29687
2917
29693
29698
29699
29701
29702
2926
29704
29709
29710
29711
29719
29722
2935
29723
2936
2937
2938
29724
2939
2940
29725
29726
29727
2944
2946
29730
29732
29734
29742
29744
29745
29748
29750
2957
2959
2961
2962
29757
2966
2975
29762
29767
29766
29765
2978
2979
29768
29769
29770
29772
29773
29781
29782
2994
2995
2997
29784
3001
29794
3004
3005
29795
3006
3007
3008
3015
3019
29806
3020
3021
3022
3026
3030
3031
29811
3033
3034
3036
29819
3044
29821
29822
29823
3049
3052
3053
3054
3057
29824
3059
29825
3062
29828
29831
3077
29850
29851
3078
3080
3082
3081
29856
3085
3086
3088
29857
3089
29859
3091
29865
3099
3101
29871
29874
29875
3106
3109
29878
3110
3112
3122
29886
29887
29888
3124
29889
29890
29902
3138
3147
3148
3149
3150
3151
3152
3153
29910
3158
3159
29920
29921
29922
29923
29924
3163
3164
3167
central
5
3191
3200
3227
3274
3275